19.02               60173424.00         
30.26               17621248.00         
40.09               14168529.00         
59.76               7103461.00          
73.81               1019311.25          
75.21               2352036.75          
78.02               712874.06           
79.43               3266547.75          
85.05               1981116.25          
87.86               813730.75           
89.26               1837812.75          
92.07               1015639.31          
93.48               3260735.50          
99.09               34530852.00         
149.67              21461534.00         
186.20              1134725.12          
187.60              7426055.00          
200.24              4468944.00          
210.08              738848.25           
211.48              12126099.00         
238.18              1878602.00          
239.58              1276192.38          
242.39              1146962.12          
243.79              2552384.75          
249.41              2716246.00          
257.84              489744.22           
259.25              3167342.50          
269.08              1209551.12          
271.89              454318.72           
273.30              955299.94           
276.11              451096.59           
277.51              1052119.88          
280.32              4527076.50          
294.37              1780503.62          
295.77              1359734.00          
299.99              446283.84           
301.39              6371152.50          
328.09              432151.47           
329.49              2011566.12          
337.92              715451.38           
339.32              2348020.25          
349.16              470637.31           
351.97              3044122.25          
353.37              5411491.50          
385.68              260090.58           
387.09              546894.75           
389.90              1646393.12          
399.73              1403134.62          
409.57              275412.62           
410.97              5609686.50          
450.31              1424388.12          
461.55              738479.62           
464.36              4450579.00          
499.48              1049255.75          
509.31              1615848.50          
512.12              7347992.50          
580.96              2792404.25          
583.77              1649135.50          
599.22              567341.94           
607.65              4658329.50          
609.06              2174474.25          
641.37              299939.84           
644.18              1418018.38          
665.25              529576.38           
668.06              2080253.88          
698.97              1181651.12          
720.04              125869.86           
721.44              236666.72           
725.66              405215.19           
727.06              787954.38           
741.11              258117.11           
743.92              1024621.06          
762.19              113067.53           
763.59              78515.02            
764.99              242028.47           
767.80              640367.00           
769.21              157590.88           
772.02              155987.38           
773.42              709439.31           
786.07              258245.95           
787.47              315181.75           
793.09              577026.38           
795.90              236666.72           
800.12              257070.20           
805.74              212903.41           
807.14              1028280.81          
829.62              101567.33           
831.02              193031.36           
835.24              275275.22           
838.05              169963.84           
839.45              899745.75           
859.12              577026.38           
861.93              1734995.25          
899.86              159139.11           
904.08              92220.73            
905.48              158762.00           
909.69              1386221.62          
911.10              847736.31           
933.58              436811.84           
934.98              1059670.38          
963.08              715094.38           
965.89              52794.96            
967.29              1779615.12          
970.10              1112842.50          
999.61              164581.64           
1001.01             3440218.50          
1099.35             598551.00           
1119.02             4288581.50          
1121.83             983181.69           
1154.14             278382.69           
1155.54             555949.50           
1173.81             80217.58            
1175.21             213920.38           
1182.24             91236.82            
1183.64             470137.94           
1199.09             204785.09           
1207.52             106777.23           
1208.93             682617.00           
1237.03             1857631.88          
1239.84             341065.56           
1253.88             70275.12            
1255.29             580103.00           
1279.17             450871.53           
1281.98             443579.59           
1300.24             1877075.25          
1377.51             682934.81           
1378.92             170532.78           
1385.94             162825.72           
1387.34             307299.12           
1399.99             25457.88            
1401.39             465616.06           
1404.20             51097.60            
1407.01             822095.69           
1409.82             894117.12           
1458.99             15535309.00         
1461.80             102195.20           
1467.42             162744.47           
1470.23             536433.88           
1499.73             105786.10           
1509.57             367925.78           
1510.97             286934.06           
1537.66             91888.52            
1539.07             45260.11            
1543.28             121823.14           
1546.09             362510.91           
1579.81             55109.45            
1581.21             30209.24            
1584.02             139616.98           
1585.43             30209.24            
1588.24             217520.09           
1589.64             15158.37            
1591.05             583249.06           
1593.86             60418.48            
1599.48             69032.28            
1600.88             169026.36           
1619.15             210526.83           
1621.96             64946.09            
1628.98             226942.69           
1631.79             272921.62           
1661.29             392187.53           
1664.10             181978.58           
1683.77             60694.80            
1685.17             77990.82            
1693.60             65191.79            
1695.01             38949.15            
1699.22             198577.58           
1730.13             547167.75           
1731.53             207635.97           
1763.85             2823926.50          
1765.25             216630.09           
1798.97             165619.83           
1836.90             146191.58           
1839.71             36809.26            
1848.14             384055.31           
1849.54             104271.06           
1873.42             45269.73            
1874.83             92001.31            
1895.90             41547.10            
1897.31             12269.75            
1900.12             118544.75           
1935.24             93168.73            
1938.05             208634.70           
1999.86             333106.16           
2099.61             14210.52            
2103.82             348713.12           
2105.22             42699.06            
2117.87             250068.14           
2119.27             270303.62           
2199.35             11841.80            
2203.56             1037662.88          
2204.97             248959.16           
2293.48             64038.84            
2294.88             11841.80            
2299.09             236327.70           
2398.84             80031.06            
2448.01             344992.72           
2449.41             82326.03            
2499.99             236304.02           
2599.73             20106.39            
2613.78             3098928.50          
2615.19             34173.71            
2639.07             13958.33            
2699.48             15832.73            
2799.22             5777.52             
2898.97             18262.63            
3000.12             11979.77            
3099.86             1528.17             
3199.61             1343.50             
3299.35             1314.57             
3399.09             0.00                
